{
  "steps": [
    0,
    500,
    1000,
    1500,
    2000,
    2500,
    3000,
    3500,
    4000,
    4500,
    5000,
    5500,
    6000,
    6500,
    7000,
    7500,
    8000,
    8500,
    9000,
    9500,
    10000,
    11000,
    12000,
    13000,
    14000,
    15000,
    16000,
    17000,
    18000,
    19000,
    20000,
    21000,
    22000,
    23000,
    24000,
    25000,
    26000,
    27000,
    28000,
    29000,
    30000,
    31000,
    32000,
    33000,
    34000,
    35000,
    36000,
    37000,
    38000,
    39000,
    40000,
    41000,
    42000,
    43000,
    44000,
    45000,
    46000,
    47000,
    48000,
    49000,
    50000,
    51000,
    52000,
    53000,
    54000,
    55000,
    56000,
    57000,
    58000,
    59000,
    60000,
    61000,
    62000,
    63000,
    64000,
    65000,
    66000,
    67000,
    68000,
    69000,
    70000,
    71000,
    72000,
    73000,
    74000,
    75000,
    76000,
    77000,
    78000,
    79000,
    80000,
    81000,
    82000,
    83000,
    84000,
    85000,
    86000,
    87000,
    88000,
    89000,
    90000,
    91000,
    92000,
    93000,
    94000,
    95000,
    96000,
    97000,
    98000,
    99000,
    100000
  ],
  "mean_digit_cos": [
    0.0072525194846093655,
    0.006917712278664112,
    0.010797410272061825,
    0.013789293356239796,
    0.019397519528865814,
    0.020479418337345123,
    0.022349996492266655,
    0.027624676004052162,
    0.03429903835058212,
    0.0389571376144886,
    0.043065283447504044,
    0.04690074548125267,
    0.04665595293045044,
    0.053758081048727036,
    0.059367720037698746,
    0.06099097058176994,
    0.0688757598400116,
    0.07556002587080002,
    0.0784400925040245,
    0.08932369202375412,
    0.10099466890096664,
    0.11595824360847473,
    0.12949039041996002,
    0.15135733783245087,
    0.16642598807811737,
    0.18280255794525146,
    0.22284641861915588,
    0.24360772967338562,
    0.2705368995666504,
    0.309935063123703,
    0.31239813566207886,
    0.3364115059375763,
    0.3474904000759125,
    0.3396407961845398,
    0.3546694815158844,
    0.3689854145050049,
    0.3903445303440094,
    0.3891184628009796,
    0.390024870634079,
    0.40977758169174194,
    0.4259309470653534,
    0.4253346025943756,
    0.4240010976791382,
    0.4139676094055176,
    0.4262956976890564,
    0.3988662362098694,
    0.4278826117515564,
    0.4553680717945099,
    0.41591253876686096,
    0.3938596844673157,
    0.45214349031448364,
    0.4526459276676178,
    0.4400918185710907,
    0.44317710399627686,
    0.4714394509792328,
    0.4641507863998413,
    0.4800882935523987,
    0.48975762724876404,
    0.4661961495876312,
    0.45525240898132324,
    0.44029125571250916,
    0.4418824017047882,
    0.44403937458992004,
    0.41922757029533386,
    0.41215643286705017,
    0.38992780447006226,
    0.41569337248802185,
    0.3936077654361725,
    0.39775052666664124,
    0.4251776337623596,
    0.41854479908943176,
    0.4065502882003784,
    0.40399327874183655,
    0.41499337553977966,
    0.404347687959671,
    0.37227150797843933,
    0.3714379072189331,
    0.3889986276626587,
    0.38787782192230225,
    0.41110238432884216,
    0.40678563714027405,
    0.40955471992492676,
    0.42060157656669617,
    0.43016159534454346,
    0.4418148100376129,
    0.4311996102333069,
    0.4169040322303772,
    0.405312716960907,
    0.4097612500190735,
    0.3997326195240021,
    0.41519156098365784,
    0.41538286209106445,
    0.42023998498916626,
    0.42209023237228394,
    0.4301207661628723,
    0.43044841289520264,
    0.4301077425479889,
    0.43473953008651733,
    0.4340185821056366,
    0.4417116343975067,
    0.4403529167175293,
    0.435369610786438,
    0.4484269320964813,
    0.44860416650772095,
    0.445255309343338,
    0.4430478811264038,
    0.4412030577659607,
    0.44155019521713257,
    0.44685646891593933,
    0.44852855801582336,
    0.44461390376091003
  ],
  "pearson_cos_vs_numdist": [
    0.2751851795956717,
    0.2775285080300505,
    0.2812858135930568,
    0.2622253550175254,
    0.2635150262697286,
    0.2454088043886625,
    0.25723833335038976,
    0.2530537901005419,
    0.2749885900169471,
    0.2699175449026852,
    0.25220721812001434,
    0.20525990311403108,
    0.1852106355863923,
    0.14858752692871333,
    0.10575237163441498,
    0.11445996877054128,
    0.07226145637691228,
    0.04533823578962356,
    0.04548455700957134,
    0.06866807411727041,
    0.054956236929054124,
    0.031741785070702584,
    0.1103418429951369,
    0.0349634574125583,
    0.03852029567260641,
    -0.037865532270502524,
    -0.13583941216031495,
    -0.19276286286800018,
    -0.26384634067425755,
    -0.33590389616636374,
    -0.2849597130856788,
    -0.39565470020398863,
    -0.41436921309807545,
    -0.4675873672299599,
    -0.414606963474615,
    -0.42377270988208404,
    -0.3732352811868996,
    -0.38804586925353435,
    -0.362379308893395,
    -0.3194266583027225,
    -0.2412052691148814,
    -0.3215325675649906,
    -0.4086372913797332,
    -0.4095299136765977,
    -0.43375094056742636,
    -0.35858718572687204,
    -0.315240209438763,
    -0.3654707458893584,
    -0.3089671152920463,
    -0.22813391468259758,
    -0.18829050336943756,
    -0.2279986989929381,
    -0.11218425566857504,
    -0.08734063756227115,
    -0.22476868665795297,
    -0.1466023835392558,
    -0.18727000884686462,
    -0.2958540841426627,
    -0.2356002628206871,
    -0.21436350710370064,
    -0.21135396444669308,
    -0.2419717818090677,
    -0.30423740034492586,
    -0.29212620021188446,
    -0.2940842668919445,
    -0.2716685039365428,
    -0.2785917670975192,
    -0.1939865919611786,
    -0.178185695704201,
    -0.24483065076086966,
    -0.24715629850034093,
    -0.23167856307833,
    -0.2248438304985149,
    -0.28972059474074774,
    -0.3123796905963771,
    -0.33575029191000283,
    -0.3438389533392906,
    -0.38184690055940956,
    -0.3765997465190357,
    -0.34031822416245233,
    -0.38824049146286727,
    -0.40477826009250695,
    -0.39613296575924295,
    -0.37156720548852973,
    -0.38759278817120496,
    -0.37168820217663223,
    -0.37249501123656675,
    -0.3868638442586084,
    -0.3987847052871577,
    -0.39897244422643385,
    -0.4242927263654631,
    -0.4021580148772784,
    -0.4023217950066395,
    -0.3846096293020763,
    -0.3716608885837629,
    -0.3627166963214235,
    -0.36634931417010597,
    -0.3693567562994634,
    -0.3663484160637569,
    -0.3309711494581924,
    -0.3398168255796845,
    -0.3458187824553531,
    -0.3410636596371437,
    -0.3470817192699082,
    -0.36160248195759714,
    -0.36515122765242986,
    -0.3659354232129035,
    -0.34162189801629866,
    -0.35256902534617696,
    -0.34222242929730173,
    -0.3503785587761466
  ],
  "spearman_cos_vs_numdist": [
    0.2981554677206851,
    0.2827404479578392,
    0.28392621870882734,
    0.2722002635046113,
    0.27206851119894593,
    0.2617918313570487,
    0.256258234519104,
    0.2566534914361001,
    0.2938076416337285,
    0.26890645586297757,
    0.24387351778656124,
    0.2342555994729908,
    0.19420289855072462,
    0.17206851119894598,
    0.15243741765480895,
    0.16324110671936756,
    0.1577075098814229,
    0.13109354413702237,
    0.12318840579710144,
    0.136231884057971,
    0.1284584980237154,
    0.13636363636363635,
    0.12885375494071144,
    0.12608695652173912,
    0.12213438735177864,
    0.04545454545454545,
    -0.15059288537549406,
    -0.16877470355731222,
    -0.2214756258234519,
    -0.2930171277997365,
    -0.24677206851119893,
    -0.37009222661396574,
    -0.4130434782608695,
    -0.4243741765480895,
    -0.30935441370223976,
    -0.32305665349143603,
    -0.30408432147562575,
    -0.30922266139657445,
    -0.2660079051383399,
    -0.21330698287220023,
    -0.1349143610013175,
    -0.24505928853754938,
    -0.33886693017127795,
    -0.40527009222661387,
    -0.43109354413702233,
    -0.3748353096179182,
    -0.27826086956521734,
    -0.3175230566534914,
    -0.2765480895915678,
    -0.18985507246376807,
    -0.19275362318840578,
    -0.20527009222661396,
    -0.10039525691699604,
    -0.07839262187088274,
    -0.1743083003952569,
    -0.11976284584980236,
    -0.15296442687747033,
    -0.24413702239789195,
    -0.20144927536231882,
    -0.16416337285902502,
    -0.18616600790513835,
    -0.1737812911725955,
    -0.23162055335968376,
    -0.26429512516469034,
    -0.27391304347826084,
    -0.252832674571805,
    -0.25375494071146243,
    -0.14848484848484847,
    -0.17984189723320157,
    -0.19973649538866928,
    -0.22885375494071145,
    -0.18511198945981552,
    -0.1619235836627141,
    -0.25797101449275356,
    -0.2519104084321475,
    -0.32239789196310936,
    -0.3147562582345191,
    -0.31330698287220027,
    -0.32793148880105394,
    -0.31501976284584976,
    -0.33280632411067196,
    -0.3534914361001317,
    -0.3516469038208168,
    -0.33372859025032936,
    -0.3238471673254282,
    -0.33662714097496704,
    -0.33807641633728586,
    -0.3583662714097496,
    -0.37773386034255596,
    -0.3888010540184453,
    -0.41212121212121205,
    -0.3903820816864295,
    -0.38115942028985506,
    -0.37720685111989455,
    -0.3437417654808959,
    -0.34558629776021077,
    -0.3482213438735177,
    -0.3550724637681159,
    -0.35968379446640314,
    -0.2881422924901185,
    -0.3032938076416337,
    -0.33162055335968377,
    -0.2986824769433465,
    -0.3216073781291172,
    -0.341897233201581,
    -0.3363636363636363,
    -0.35059288537549405,
    -0.32305665349143603,
    -0.34466403162055326,
    -0.3216073781291172,
    -0.3314888010540184
  ],
  "peak_step": 47000,
  "final_step": 100000,
  "matrices_at": {
    "0": [
      [
        0.9999998807907104,
        -0.041092853993177414,
        0.0011150427162647247,
        -0.032131828367710114,
        0.07896222174167633,
        -0.13416534662246704,
        0.0636119619011879,
        -0.006611229386180639,
        0.051989857107400894,
        0.012573551386594772
      ],
      [
        -0.041092853993177414,
        0.9999998807907104,
        -0.028658267110586166,
        -0.04224744066596031,
        0.04371985048055649,
        0.011233930476009846,
        0.11025562882423401,
        0.09905122220516205,
        0.05326544865965843,
        0.05245489627122879
      ],
      [
        0.0011150427162647247,
        -0.028658267110586166,
        0.9999999403953552,
        -0.003825952298939228,
        -0.03512263670563698,
        -0.005652446299791336,
        -0.11110648512840271,
        0.19921398162841797,
        0.024678949266672134,
        0.07917658239603043
      ],
      [
        -0.032131828367710114,
        -0.04224744066596031,
        -0.003825952298939228,
        1.0,
        0.08799248188734055,
        -0.07512997090816498,
        0.040561847388744354,
        0.0566629022359848,
        -0.0666486918926239,
        -0.028339965268969536
      ],
      [
        0.07896222174167633,
        0.04371985048055649,
        -0.03512263670563698,
        0.08799248188734055,
        0.9999999403953552,
        -0.012214083224534988,
        -0.0007549705915153027,
        -0.002352460753172636,
        -0.02303340472280979,
        -0.06224244832992554
      ],
      [
        -0.13416534662246704,
        0.011233930476009846,
        -0.005652446299791336,
        -0.07512997090816498,
        -0.012214083224534988,
        1.0,
        -0.06435158103704453,
        -0.007634648121893406,
        0.08295906335115433,
        -0.054437194019556046
      ],
      [
        0.0636119619011879,
        0.11025562882423401,
        -0.11110648512840271,
        0.040561847388744354,
        -0.0007549705915153027,
        -0.06435158103704453,
        1.0,
        0.03197683393955231,
        -0.06224409118294716,
        0.025852961465716362
      ],
      [
        -0.006611229386180639,
        0.09905122220516205,
        0.19921398162841797,
        0.0566629022359848,
        -0.002352460753172636,
        -0.007634648121893406,
        0.03197683393955231,
        0.9999998807907104,
        -0.003842280711978674,
        0.07165434211492538
      ],
      [
        0.051989857107400894,
        0.05326544865965843,
        0.024678949266672134,
        -0.0666486918926239,
        -0.02303340472280979,
        0.08295906335115433,
        -0.06224409118294716,
        -0.003842280711978674,
        1.0,
        -0.048759862780570984
      ],
      [
        0.012573551386594772,
        0.05245489627122879,
        0.07917658239603043,
        -0.028339965268969536,
        -0.06224244832992554,
        -0.054437194019556046,
        0.025852961465716362,
        0.07165434211492538,
        -0.048759862780570984,
        1.0
      ]
    ],
    "2000": [
      [
        0.9999998807907104,
        -0.037177205085754395,
        -0.007396552711725235,
        -0.015170915052294731,
        0.0770919993519783,
        -0.10829365253448486,
        0.06967565417289734,
        -0.015280049294233322,
        0.07107970863580704,
        0.019993584603071213
      ],
      [
        -0.037177205085754395,
        0.9999998807907104,
        -0.02738296426832676,
        -0.0153688695281744,
        0.08920763432979584,
        0.05240285396575928,
        0.12997251749038696,
        0.10146646201610565,
        0.07251477986574173,
        0.07017562538385391
      ],
      [
        -0.007396552711725235,
        -0.02738296426832676,
        1.0,
        -0.0005621943855658174,
        -0.024801917374134064,
        0.0018244236707687378,
        -0.11002833396196365,
        0.18956106901168823,
        0.04036443680524826,
        0.0732448548078537
      ],
      [
        -0.015170915052294731,
        -0.0153688695281744,
        -0.0005621943855658174,
        1.0,
        0.09947620332241058,
        -0.05925435945391655,
        0.06344424188137054,
        0.047272682189941406,
        -0.05270714685320854,
        -0.024775758385658264
      ],
      [
        0.0770919993519783,
        0.08920763432979584,
        -0.024801917374134064,
        0.09947620332241058,
        1.000000238418579,
        0.017668915912508965,
        -0.006949440110474825,
        -0.0020094504579901695,
        0.004606337286531925,
        -0.051623813807964325
      ],
      [
        -0.10829365253448486,
        0.05240285396575928,
        0.0018244236707687378,
        -0.05925435945391655,
        0.017668915912508965,
        0.9999999403953552,
        -0.04988274350762367,
        0.005601232871413231,
        0.11312153190374374,
        -0.02749539725482464
      ],
      [
        0.06967565417289734,
        0.12997251749038696,
        -0.11002833396196365,
        0.06344424188137054,
        -0.006949440110474825,
        -0.04988274350762367,
        1.0,
        0.05033319815993309,
        -0.04727129638195038,
        0.05850810930132866
      ],
      [
        -0.015280049294233322,
        0.10146646201610565,
        0.18956106901168823,
        0.047272682189941406,
        -0.0020094504579901695,
        0.005601232871413231,
        0.05033319815993309,
        1.0,
        -0.0036496424581855536,
        0.07577075809240341
      ],
      [
        0.07107970863580704,
        0.07251477986574173,
        0.04036443680524826,
        -0.05270714685320854,
        0.004606337286531925,
        0.11312153190374374,
        -0.04727129638195038,
        -0.0036496424581855536,
        1.0,
        -0.03440862521529198
      ],
      [
        0.019993584603071213,
        0.07017562538385391,
        0.0732448548078537,
        -0.024775758385658264,
        -0.051623813807964325,
        -0.02749539725482464,
        0.05850810930132866,
        0.07577075809240341,
        -0.03440862521529198,
        0.9999998807907104
      ]
    ],
    "5000": [
      [
        0.9999999403953552,
        -0.030332908034324646,
        0.007930811494588852,
        0.006634296849370003,
        0.0903790071606636,
        -0.08058090507984161,
        0.07036279141902924,
        -0.025677209720015526,
        0.07864442467689514,
        0.0008006847929209471
      ],
      [
        -0.030332908034324646,
        0.9999999403953552,
        0.02531328611075878,
        0.001973401755094528,
        0.09668617695569992,
        0.08425600081682205,
        0.14709919691085815,
        0.12851440906524658,
        0.1068771630525589,
        0.15014046430587769
      ],
      [
        0.007930811494588852,
        0.02531328611075878,
        0.9999998807907104,
        0.026678793132305145,
        0.001311860978603363,
        0.025278178974986076,
        -0.06807693839073181,
        0.20562635362148285,
        0.05089159682393074,
        0.12871527671813965
      ],
      [
        0.006634296849370003,
        0.001973401755094528,
        0.026678793132305145,
        1.0,
        0.15909446775913239,
        -0.03890417888760567,
        0.0889822244644165,
        0.05839747190475464,
        -0.019202467054128647,
        0.015242061577737331
      ],
      [
        0.0903790071606636,
        0.09668617695569992,
        0.001311860978603363,
        0.15909446775913239,
        1.0000001192092896,
        0.035600438714027405,
        0.01456003449857235,
        0.01264132373034954,
        0.02350853756070137,
        -0.020225046202540398
      ],
      [
        -0.08058090507984161,
        0.08425600081682205,
        0.025278178974986076,
        -0.03890417888760567,
        0.035600438714027405,
        0.9999998807907104,
        -0.0359957218170166,
        0.02489151805639267,
        0.1291818916797638,
        0.03589848428964615
      ],
      [
        0.07036279141902924,
        0.14709919691085815,
        -0.06807693839073181,
        0.0889822244644165,
        0.01456003449857235,
        -0.0359957218170166,
        0.9999998211860657,
        0.06833530217409134,
        -0.01383441686630249,
        0.07789263129234314
      ],
      [
        -0.025677209720015526,
        0.12851440906524658,
        0.20562635362148285,
        0.05839747190475464,
        0.01264132373034954,
        0.02489151805639267,
        0.06833530217409134,
        1.0,
        -0.008894437924027443,
        0.09384749829769135
      ],
      [
        0.07864442467689514,
        0.1068771630525589,
        0.05089159682393074,
        -0.019202467054128647,
        0.02350853756070137,
        0.1291818916797638,
        -0.01383441686630249,
        -0.008894437924027443,
        1.0000001192092896,
        0.0074737798422575
      ],
      [
        0.0008006847929209471,
        0.15014046430587769,
        0.12871527671813965,
        0.015242061577737331,
        -0.020225046202540398,
        0.03589848428964615,
        0.07789263129234314,
        0.09384749829769135,
        0.0074737798422575,
        1.0
      ]
    ],
    "10000": [
      [
        1.0,
        -0.004386385902762413,
        0.08009311556816101,
        0.0694032832980156,
        0.1563655138015747,
        -0.001787390559911728,
        0.09319713711738586,
        0.029930351302027702,
        0.11133059114217758,
        0.0028335275128483772
      ],
      [
        -0.004386385902762413,
        0.9999999403953552,
        0.19044138491153717,
        0.0740853026509285,
        0.18900220096111298,
        0.16955609619617462,
        0.14083227515220642,
        0.16088812053203583,
        0.13609181344509125,
        0.20927873253822327
      ],
      [
        0.08009311556816101,
        0.19044138491153717,
        1.0,
        0.146816223859787,
        0.14572569727897644,
        0.15521898865699768,
        -0.011125540360808372,
        0.25685441493988037,
        0.10012481361627579,
        0.19334055483341217
      ],
      [
        0.0694032832980156,
        0.0740853026509285,
        0.146816223859787,
        1.0000001192092896,
        0.28124570846557617,
        0.004458288662135601,
        0.13950374722480774,
        0.1281256526708603,
        0.005587324500083923,
        0.03187081217765808
      ],
      [
        0.1563655138015747,
        0.18900220096111298,
        0.14572569727897644,
        0.28124570846557617,
        1.0,
        0.11161617934703827,
        0.07438551634550095,
        0.11362399160861969,
        0.060798611491918564,
        0.07450734078884125
      ],
      [
        -0.001787390559911728,
        0.16955609619617462,
        0.15521898865699768,
        0.004458288662135601,
        0.11161617934703827,
        1.0,
        0.045521244406700134,
        0.06649026274681091,
        0.16230255365371704,
        0.101302869617939
      ],
      [
        0.09319713711738586,
        0.14083227515220642,
        -0.011125540360808372,
        0.13950374722480774,
        0.07438551634550095,
        0.045521244406700134,
        1.0,
        0.06722463667392731,
        0.03135626018047333,
        0.10172946751117706
      ],
      [
        0.029930351302027702,
        0.16088812053203583,
        0.25685441493988037,
        0.1281256526708603,
        0.11362399160861969,
        0.06649026274681091,
        0.06722463667392731,
        1.0,
        0.035606298595666885,
        0.08952245861291885
      ],
      [
        0.11133059114217758,
        0.13609181344509125,
        0.10012481361627579,
        0.005587324500083923,
        0.060798611491918564,
        0.16230255365371704,
        0.03135626018047333,
        0.035606298595666885,
        1.0,
        0.02387029491364956
      ],
      [
        0.0028335275128483772,
        0.20927873253822327,
        0.19334055483341217,
        0.03187081217765808,
        0.07450734078884125,
        0.101302869617939,
        0.10172946751117706,
        0.08952245861291885,
        0.02387029491364956,
        0.9999998807907104
      ]
    ],
    "20000": [
      [
        1.0,
        0.19704434275627136,
        0.17489102482795715,
        0.22769734263420105,
        0.27124539017677307,
        0.22983179986476898,
        0.20793196558952332,
        0.22562354803085327,
        0.33444687724113464,
        0.15654678642749786
      ],
      [
        0.19704434275627136,
        1.0,
        0.49500158429145813,
        0.35002845525741577,
        0.35161659121513367,
        0.316170871257782,
        0.31648901104927063,
        0.22012025117874146,
        0.32921022176742554,
        0.359311044216156
      ],
      [
        0.17489102482795715,
        0.49500158429145813,
        1.000000238418579,
        0.2670000195503235,
        0.30919885635375977,
        0.4077824354171753,
        0.2782133221626282,
        0.22800159454345703,
        0.3582092523574829,
        0.3923757076263428
      ],
      [
        0.22769734263420105,
        0.35002845525741577,
        0.2670000195503235,
        0.9999998807907104,
        0.5321610569953918,
        0.24796690046787262,
        0.4010811150074005,
        0.2609389126300812,
        0.2823716700077057,
        0.2857664227485657
      ],
      [
        0.27124539017677307,
        0.35161659121513367,
        0.30919885635375977,
        0.5321610569953918,
        1.0,
        0.2611021399497986,
        0.2818886935710907,
        0.25523650646209717,
        0.308852881193161,
        0.3226802349090576
      ],
      [
        0.22983179986476898,
        0.316170871257782,
        0.4077824354171753,
        0.24796690046787262,
        0.2611021399497986,
        1.0000001192092896,
        0.37128061056137085,
        0.3749798536300659,
        0.42363348603248596,
        0.34811657667160034
      ],
      [
        0.20793196558952332,
        0.31648901104927063,
        0.2782133221626282,
        0.4010811150074005,
        0.2818886935710907,
        0.37128061056137085,
        1.000000238418579,
        0.3673924207687378,
        0.3880072236061096,
        0.33312365412712097
      ],
      [
        0.22562354803085327,
        0.22012025117874146,
        0.22800159454345703,
        0.2609389126300812,
        0.25523650646209717,
        0.3749798536300659,
        0.3673924207687378,
        0.9999997615814209,
        0.4518432319164276,
        0.26246377825737
      ],
      [
        0.33444687724113464,
        0.32921022176742554,
        0.3582092523574829,
        0.2823716700077057,
        0.308852881193161,
        0.42363348603248596,
        0.3880072236061096,
        0.4518432319164276,
        1.0,
        0.2930424213409424
      ],
      [
        0.15654678642749786,
        0.359311044216156,
        0.3923757076263428,
        0.2857664227485657,
        0.3226802349090576,
        0.34811657667160034,
        0.33312365412712097,
        0.26246377825737,
        0.2930424213409424,
        0.9999998807907104
      ]
    ],
    "30000": [
      [
        1.0,
        0.24265733361244202,
        0.2662935256958008,
        0.338703989982605,
        0.415754497051239,
        0.5858075618743896,
        0.4124552607536316,
        0.27183932065963745,
        0.5678191781044006,
        0.13426922261714935
      ],
      [
        0.24265733361244202,
        1.0,
        0.6268965005874634,
        0.4265599548816681,
        0.5172833800315857,
        0.4218161106109619,
        0.43112364411354065,
        0.2799638509750366,
        0.3953470289707184,
        0.48989051580429077
      ],
      [
        0.2662935256958008,
        0.6268965005874634,
        0.9999998807907104,
        0.3647722005844116,
        0.47913768887519836,
        0.41037124395370483,
        0.3685080111026764,
        0.20808589458465576,
        0.43347981572151184,
        0.4398668110370636
      ],
      [
        0.338703989982605,
        0.4265599548816681,
        0.3647722005844116,
        1.0,
        0.6972461342811584,
        0.5374717712402344,
        0.5034604072570801,
        0.2414240539073944,
        0.3853745460510254,
        0.41035258769989014
      ],
      [
        0.415754497051239,
        0.5172833800315857,
        0.47913768887519836,
        0.6972461342811584,
        1.0,
        0.6411499977111816,
        0.6172218322753906,
        0.32866692543029785,
        0.5469138026237488,
        0.5026641488075256
      ],
      [
        0.5858075618743896,
        0.4218161106109619,
        0.41037124395370483,
        0.5374717712402344,
        0.6411499977111816,
        1.0,
        0.593334972858429,
        0.3962414860725403,
        0.5725979804992676,
        0.35621964931488037
      ],
      [
        0.4124552607536316,
        0.43112364411354065,
        0.3685080111026764,
        0.5034604072570801,
        0.6172218322753906,
        0.593334972858429,
        1.0,
        0.3928716778755188,
        0.511182427406311,
        0.48015254735946655
      ],
      [
        0.27183932065963745,
        0.2799638509750366,
        0.20808589458465576,
        0.2414240539073944,
        0.32866692543029785,
        0.3962414860725403,
        0.3928716778755188,
        1.0,
        0.30251768231391907,
        0.25490108132362366
      ],
      [
        0.5678191781044006,
        0.3953470289707184,
        0.43347981572151184,
        0.3853745460510254,
        0.5469138026237488,
        0.5725979804992676,
        0.511182427406311,
        0.30251768231391907,
        1.0,
        0.36622387170791626
      ],
      [
        0.13426922261714935,
        0.48989051580429077,
        0.4398668110370636,
        0.41035258769989014,
        0.5026641488075256,
        0.35621964931488037,
        0.48015254735946655,
        0.25490108132362366,
        0.36622387170791626,
        1.0
      ]
    ],
    "47000": [
      [
        1.0,
        0.30061548948287964,
        0.5009909868240356,
        0.394680380821228,
        0.48956021666526794,
        0.6005518436431885,
        0.5478650331497192,
        0.36302727460861206,
        0.5925530195236206,
        0.3484607934951782
      ],
      [
        0.30061548948287964,
        1.0,
        0.6364030241966248,
        0.349215030670166,
        0.48535463213920593,
        0.5027801990509033,
        0.45671170949935913,
        0.39491310715675354,
        0.46216946840286255,
        0.2837805449962616
      ],
      [
        0.5009909868240356,
        0.6364030241966248,
        0.9999998807907104,
        0.49275070428848267,
        0.6266255378723145,
        0.6650837063789368,
        0.5736733078956604,
        0.42421698570251465,
        0.6255947947502136,
        0.3498420715332031
      ],
      [
        0.394680380821228,
        0.349215030670166,
        0.49275070428848267,
        1.0,
        0.6073989868164062,
        0.5252124071121216,
        0.5596387982368469,
        0.38515859842300415,
        0.4952908158302307,
        0.3657686710357666
      ],
      [
        0.48956021666526794,
        0.48535463213920593,
        0.6266255378723145,
        0.6073989868164062,
        1.0000001192092896,
        0.6240652203559875,
        0.6517736911773682,
        0.4741327464580536,
        0.5739463567733765,
        0.4348023235797882
      ],
      [
        0.6005518436431885,
        0.5027801990509033,
        0.6650837063789368,
        0.5252124071121216,
        0.6240652203559875,
        0.9999999403953552,
        0.6161609292030334,
        0.44932544231414795,
        0.6945580840110779,
        0.4566986858844757
      ],
      [
        0.5478650331497192,
        0.45671170949935913,
        0.5736733078956604,
        0.5596387982368469,
        0.6517736911773682,
        0.6161609292030334,
        0.9999998807907104,
        0.48173093795776367,
        0.5878341794013977,
        0.4085540771484375
      ],
      [
        0.36302727460861206,
        0.39491310715675354,
        0.42421698570251465,
        0.38515859842300415,
        0.4741327464580536,
        0.44932544231414795,
        0.48173093795776367,
        0.9999998807907104,
        0.4278179407119751,
        0.34726840257644653
      ],
      [
        0.5925530195236206,
        0.46216946840286255,
        0.6255947947502136,
        0.4952908158302307,
        0.5739463567733765,
        0.6945580840110779,
        0.5878341794013977,
        0.4278179407119751,
        0.9999999403953552,
        0.40453726053237915
      ],
      [
        0.3484607934951782,
        0.2837805449962616,
        0.3498420715332031,
        0.3657686710357666,
        0.4348023235797882,
        0.4566986858844757,
        0.4085540771484375,
        0.34726840257644653,
        0.40453726053237915,
        0.9999999403953552
      ]
    ],
    "70000": [
      [
        0.9999999403953552,
        0.28575265407562256,
        0.3855261206626892,
        0.22681909799575806,
        0.5381467342376709,
        0.614452600479126,
        0.4264988899230957,
        0.24612344801425934,
        0.43820688128471375,
        0.18124215304851532
      ],
      [
        0.28575265407562256,
        1.0,
        0.6207234263420105,
        0.3035500645637512,
        0.44634756445884705,
        0.4362422823905945,
        0.35877323150634766,
        0.2521258592605591,
        0.31319209933280945,
        0.2976069748401642
      ],
      [
        0.3855261206626892,
        0.6207234263420105,
        0.9999999403953552,
        0.41338664293289185,
        0.5174109935760498,
        0.48242926597595215,
        0.4465882182121277,
        0.29121285676956177,
        0.4015212655067444,
        0.28973257541656494
      ],
      [
        0.22681909799575806,
        0.3035500645637512,
        0.41338664293289185,
        1.0,
        0.47064468264579773,
        0.46728381514549255,
        0.506995677947998,
        0.41569221019744873,
        0.41712936758995056,
        0.3097732663154602
      ],
      [
        0.5381467342376709,
        0.44634756445884705,
        0.5174109935760498,
        0.47064468264579773,
        1.0,
        0.7152289152145386,
        0.6789147853851318,
        0.3895105719566345,
        0.5676723122596741,
        0.24096962809562683
      ],
      [
        0.614452600479126,
        0.4362422823905945,
        0.48242926597595215,
        0.46728381514549255,
        0.7152289152145386,
        1.0,
        0.6833724975585938,
        0.4291614592075348,
        0.5473625659942627,
        0.2496289610862732
      ],
      [
        0.4264988899230957,
        0.35877323150634766,
        0.4465882182121277,
        0.506995677947998,
        0.6789147853851318,
        0.6833724975585938,
        1.0,
        0.45135587453842163,
        0.577582061290741,
        0.21386763453483582
      ],
      [
        0.24612344801425934,
        0.2521258592605591,
        0.29121285676956177,
        0.41569221019744873,
        0.3895105719566345,
        0.4291614592075348,
        0.45135587453842163,
        0.9999998807907104,
        0.3531199097633362,
        0.17247295379638672
      ],
      [
        0.43820688128471375,
        0.31319209933280945,
        0.4015212655067444,
        0.41712936758995056,
        0.5676723122596741,
        0.5473625659942627,
        0.577582061290741,
        0.3531199097633362,
        0.9999998807907104,
        0.23399853706359863
      ],
      [
        0.18124215304851532,
        0.2976069748401642,
        0.28973257541656494,
        0.3097732663154602,
        0.24096962809562683,
        0.2496289610862732,
        0.21386763453483582,
        0.17247295379638672,
        0.23399853706359863,
        1.0
      ]
    ],
    "100000": [
      [
        0.9999999403953552,
        0.28127628564834595,
        0.33281493186950684,
        0.2761893570423126,
        0.4239254593849182,
        0.6004412174224854,
        0.4462779760360718,
        0.371101051568985,
        0.4867543876171112,
        0.28055378794670105
      ],
      [
        0.28127628564834595,
        0.9999998807907104,
        0.6035659909248352,
        0.2652195990085602,
        0.5114012360572815,
        0.4198836386203766,
        0.3316155672073364,
        0.3151680827140808,
        0.4077013432979584,
        0.3155521750450134
      ],
      [
        0.33281493186950684,
        0.6035659909248352,
        1.000000238418579,
        0.46439269185066223,
        0.5748879909515381,
        0.533286988735199,
        0.5286809802055359,
        0.3688683807849884,
        0.5106046795845032,
        0.4072941541671753
      ],
      [
        0.2761893570423126,
        0.2652195990085602,
        0.46439269185066223,
        0.9999998807907104,
        0.3992233872413635,
        0.47137898206710815,
        0.4556504487991333,
        0.47366413474082947,
        0.42359405755996704,
        0.3653060793876648
      ],
      [
        0.4239254593849182,
        0.5114012360572815,
        0.5748879909515381,
        0.3992233872413635,
        1.0,
        0.6660902500152588,
        0.5674768090248108,
        0.43935197591781616,
        0.5693369507789612,
        0.28050878643989563
      ],
      [
        0.6004412174224854,
        0.4198836386203766,
        0.533286988735199,
        0.47137898206710815,
        0.6660902500152588,
        1.0,
        0.6204681992530823,
        0.5338208675384521,
        0.6025234460830688,
        0.35783809423446655
      ],
      [
        0.4462779760360718,
        0.3316155672073364,
        0.5286809802055359,
        0.4556504487991333,
        0.5674768090248108,
        0.6204681992530823,
        1.000000238418579,
        0.5260982513427734,
        0.6168429851531982,
        0.32174918055534363
      ],
      [
        0.371101051568985,
        0.3151680827140808,
        0.3688683807849884,
        0.47366413474082947,
        0.43935197591781616,
        0.5338208675384521,
        0.5260982513427734,
        0.9999997615814209,
        0.5899670720100403,
        0.27290356159210205
      ],
      [
        0.4867543876171112,
        0.4077013432979584,
        0.5106046795845032,
        0.42359405755996704,
        0.5693369507789612,
        0.6025234460830688,
        0.6168429851531982,
        0.5899670720100403,
        1.0000001192092896,
        0.396375447511673
      ],
      [
        0.28055378794670105,
        0.3155521750450134,
        0.4072941541671753,
        0.3653060793876648,
        0.28050878643989563,
        0.35783809423446655,
        0.32174918055534363,
        0.27290356159210205,
        0.396375447511673,
        1.0
      ]
    ]
  }
}